0 0.257301 0.552083 0.043492 0.055556
0 0.345313 0.490104 0.043906 0.054597
0 0.264719 0.481306 0.040609 0.055056
0 0.248141 0.398486 0.027313 0.028722
0 0.212312 0.401618 0.027313 0.028708
0 0.456922 0.587201 0.055906 0.070347
0 0.276934 0.604681 0.046836 0.076667
0 0.850078 0.562396 0.061766 0.079153
0 0.591023 0.523118 0.037328 0.045514
0 0.306184 0.413299 0.020102 0.019597
0 0.613719 0.476444 0.036594 0.034639
0 0.575605 0.480167 0.052039 0.051056
0 0.386320 0.626479 0.060344 0.094069
0 0.718422 0.604090 0.064609 0.080347
0 0.528711 0.726479 0.068359 0.103097
0 0.777203 0.561993 0.082625 0.095264
0 0.482926 0.473222 0.041492 0.032167
0 0.479340 0.437569 0.036164 0.029028
0 0.813605 0.924896 0.155633 0.150208
0 0.428301 0.934958 0.132055 0.130083
0 0.454195 0.520062 0.045484 0.052569
0 0.172613 0.399181 0.014977 0.018500
0 0.183652 0.389035 0.020305 0.019847
0 0.374211 0.439306 0.033812 0.034250
0 0.406680 0.434604 0.033000 0.034292
