0 0.312793 0.474813 0.037570 0.036542
0 0.825617 0.553174 0.072453 0.071042
0 0.765852 0.602361 0.068687 0.075500
0 0.559059 0.775174 0.082117 0.124764
0 0.835090 0.689382 0.090305 0.084542
0 0.555629 0.460847 0.035242 0.038972
0 0.282715 0.652715 0.056102 0.099875
0 0.502848 0.649896 0.069930 0.107847
0 0.245195 0.468882 0.037844 0.045958
0 0.352063 0.438153 0.024984 0.019639
0 0.199895 0.391750 0.024086 0.023889
0 0.304047 0.402236 0.025750 0.021556
0 0.270824 0.408187 0.027305 0.025958
0 0.322242 0.419299 0.028078 0.026931
0 0.240125 0.933146 0.090188 0.133708
0 0.426484 0.945674 0.128937 0.108653
0 0.262828 0.546507 0.040937 0.059681
0 0.383293 0.482910 0.041242 0.041736
0 0.631770 0.476611 0.047211 0.034389
0 0.620871 0.447424 0.047461 0.037903
0 0.613629 0.501882 0.050289 0.044097
0 0.968062 0.713590 0.063875 0.096375
0 0.461094 0.468889 0.033594 0.036944
0 0.391277 0.431896 0.031773 0.025097
0 0.323359 0.524951 0.047531 0.072681
0 0.487648 0.458604 0.030609 0.026958
