0 0.257156 0.479410 0.034359 0.043847
0 0.380305 0.476486 0.038141 0.040528
0 0.331160 0.483479 0.040492 0.044736
0 0.657918 0.699174 0.088586 0.113542
0 0.663648 0.963965 0.108500 0.072069
0 0.374520 0.519181 0.042008 0.050639
0 0.867563 0.931986 0.136281 0.136028
0 0.343750 0.422861 0.034063 0.029333
0 0.370281 0.589486 0.046719 0.067861
0 0.418711 0.434236 0.039453 0.034583
0 0.463664 0.447104 0.032984 0.033653
0 0.172727 0.398951 0.014594 0.016181
0 0.967172 0.829160 0.065656 0.112347
0 0.766156 0.642278 0.077375 0.085111
0 0.498109 0.628722 0.066484 0.102194
0 0.597602 0.826569 0.094047 0.139778
0 0.401004 0.677424 0.060992 0.114903
0 0.443539 0.502944 0.049437 0.066778
0 0.693453 0.502632 0.035781 0.050653
0 0.468070 0.420521 0.029953 0.026097
0 0.197566 0.449847 0.018773 0.029667
0 0.249605 0.447653 0.031852 0.030000
0 0.405395 0.413222 0.030148 0.026222
0 0.296973 0.418833 0.030492 0.031194
0 0.344961 0.404021 0.034578 0.023014
0 0.259887 0.416868 0.023789 0.026625
0 0.217758 0.406368 0.019719 0.018875
0 0.237094 0.404514 0.016688 0.021222
0 0.188559 0.393389 0.016305 0.019889
0 0.920125 0.651618 0.100234 0.102764
0 0.703902 0.503556 0.056852 0.056694
0 0.628617 0.510549 0.052250 0.047597
0 0.650879 0.573160 0.051320 0.038792
0 0.308668 0.521285 0.039961 0.057486
0 0.544996 0.502125 0.044727 0.050056
0 0.530328 0.449229 0.027609 0.029236
0 0.548832 0.462285 0.031133 0.030292
