0 0.542828 0.584187 0.059359 0.084569
0 0.298738 0.404854 0.026430 0.023486
0 0.264086 0.416861 0.019969 0.020361
0 0.225715 0.407076 0.023102 0.025847
0 0.173934 0.379014 0.063430 0.071000
0 0.252867 0.402354 0.024797 0.025958
0 0.236828 0.441118 0.031094 0.026625
0 0.269156 0.435389 0.032422 0.025278
0 0.190973 0.445944 0.011898 0.027194
0 0.369543 0.439271 0.022180 0.031347
0 0.403484 0.447188 0.032422 0.031014
0 0.339781 0.418194 0.026734 0.017528
0 0.990824 0.642319 0.018023 0.057972
0 0.438078 0.582187 0.048578 0.062819
0 0.623305 0.679708 0.078016 0.101861
0 0.292566 0.503799 0.040148 0.049764
0 0.552844 0.472118 0.052297 0.055625
0 0.262273 0.898542 0.121719 0.191667
0 0.778332 0.642958 0.087617 0.117111
0 0.842543 0.615944 0.072773 0.069472
0 0.616543 0.497646 0.051570 0.059653
0 0.285625 0.625569 0.053938 0.103528
0 0.736105 0.518403 0.052773 0.050639
0 0.700043 0.537701 0.057023 0.058625
0 0.476270 0.632667 0.059898 0.081889
0 0.978586 0.832479 0.042828 0.090181
0 0.228645 0.468576 0.029633 0.033819
0 0.328188 0.538319 0.042219 0.065250
0 0.460512 0.520208 0.053555 0.061361
0 0.378656 0.511632 0.045687 0.059569
0 0.385090 0.482958 0.037695 0.036111
0 0.273570 0.463174 0.033562 0.035097
0 0.323363 0.445632 0.040586 0.042903
0 0.464098 0.452993 0.035852 0.039681
0 0.515793 0.429757 0.046992 0.037069
0 0.662145 0.467118 0.047961 0.040542
