0 0.567648 0.522021 0.055547 0.044319
0 0.959789 0.607368 0.068859 0.076653
0 0.651539 0.444938 0.123641 0.080431
0 0.627336 0.868306 0.121469 0.166667
0 0.470000 0.968576 0.108422 0.062847
0 0.256414 0.946111 0.116578 0.107778
0 0.505344 0.426438 0.110000 0.084208
0 0.373539 0.510875 0.041109 0.047722
0 0.320871 0.476146 0.038398 0.038653
0 0.258871 0.546056 0.041852 0.098833
0 0.565293 0.478840 0.051898 0.052153
0 0.682031 0.497563 0.052500 0.052875
0 0.800590 0.506889 0.063258 0.047667
0 0.778430 0.655236 0.084578 0.071583
0 0.332496 0.536979 0.043039 0.062375
0 0.301055 0.650069 0.051656 0.093056
0 0.424316 0.566549 0.052336 0.080403
0 0.821996 0.559021 0.068773 0.055764
0 0.709703 0.551840 0.060687 0.062014
0 0.248324 0.402750 0.027664 0.026611
0 0.281707 0.401986 0.026539 0.019111
0 0.299695 0.422465 0.027422 0.022625
0 0.386891 0.428896 0.027203 0.024569
0 0.364297 0.412132 0.022375 0.026125
0 0.342469 0.431826 0.028734 0.027292
0 0.180582 0.398208 0.015711 0.017194
0 0.275172 0.492153 0.040781 0.047722
0 0.204391 0.391806 0.015547 0.017194
0 0.218250 0.393500 0.020812 0.021667
