0 0.811191 0.676153 0.085023 0.082917
0 0.663152 0.476292 0.043758 0.030861
0 0.282738 0.782111 0.078508 0.169556
0 0.936516 0.692208 0.085641 0.076556
0 0.979398 0.580125 0.041125 0.071694
0 0.447281 0.573403 0.053781 0.065833
0 0.610254 0.474090 0.050336 0.051625
0 0.596523 0.529813 0.038641 0.048931
0 0.397578 0.657521 0.069687 0.137236
0 0.929129 0.608486 0.083602 0.075306
0 0.676910 0.580743 0.062211 0.066819
0 0.522504 0.693181 0.066523 0.116250
0 0.682719 0.721694 0.086203 0.128083
0 0.873918 0.962799 0.114195 0.074403
0 0.284531 0.633035 0.045031 0.074403
0 0.273840 0.589771 0.040023 0.059042
0 0.329789 0.544889 0.045484 0.059833
0 0.341535 0.493424 0.039414 0.050736
0 0.235520 0.525438 0.036695 0.053153
0 0.202895 0.476118 0.031727 0.049181
0 0.240332 0.463486 0.034008 0.036556
0 0.263824 0.450437 0.039352 0.039681
0 0.213312 0.438944 0.031719 0.030278
0 0.544129 0.582785 0.072539 0.104931
0 0.672586 0.962694 0.110828 0.074611
0 0.499230 0.484236 0.046398 0.047722
0 0.537438 0.435715 0.037297 0.038014
0 0.472391 0.423187 0.045484 0.040431
0 0.443734 0.464431 0.037297 0.035583
0 0.391879 0.444611 0.035477 0.036389
0 0.313184 0.419139 0.030023 0.030722
0 0.374156 0.409451 0.027312 0.019847
0 0.262613 0.412944 0.024617 0.025722
0 0.235457 0.401896 0.028180 0.026181
0 0.189645 0.398285 0.019289 0.019847
0 0.169719 0.393993 0.014469 0.019403
0 0.178742 0.421132 0.009438 0.011875
