0 0.733750 0.623271 0.070938 0.070708
0 0.778930 0.541667 0.045359 0.039444
0 0.242203 0.467333 0.038469 0.051722
0 0.653754 0.519889 0.048586 0.036444
0 0.866848 0.720812 0.096039 0.097514
0 0.620637 0.550562 0.052273 0.055542
0 0.267316 0.539250 0.040164 0.069194
0 0.502387 0.554028 0.049195 0.056472
0 0.396125 0.691528 0.059344 0.093444
0 0.745027 0.559569 0.055695 0.054778
0 0.289469 0.501903 0.037484 0.041806
0 0.560852 0.510090 0.048672 0.048569
0 0.507012 0.444333 0.116758 0.134889
0 0.438227 0.439000 0.034438 0.033917
0 0.663434 0.490833 0.048164 0.032694
0 0.215133 0.401174 0.033344 0.024569
0 0.221652 0.424944 0.031117 0.027972
0 0.347672 0.427806 0.032687 0.031583
0 0.427809 0.502153 0.043758 0.048500
0 0.367020 0.510215 0.044930 0.054292
0 0.454602 0.957153 0.120766 0.085694
0 0.206516 0.483278 0.028375 0.053222
