0 0.231184 0.399458 0.019523 0.019889
0 0.336199 0.428694 0.023070 0.023778
0 0.434973 0.899604 0.103680 0.199292
0 0.596652 0.641924 0.072336 0.089458
0 0.341395 0.409319 0.026320 0.017167
0 0.180070 0.416187 0.011453 0.018264
0 0.862758 0.705340 0.103484 0.097097
0 0.639145 0.561507 0.038602 0.050625
0 0.985582 0.636264 0.028383 0.087583
0 0.830715 0.612056 0.071617 0.062139
0 0.343656 0.492542 0.040578 0.041333
0 0.294750 0.464979 0.039594 0.043319
0 0.251148 0.402382 0.027422 0.027292
0 0.307414 0.529340 0.047016 0.072653
0 0.239656 0.521167 0.040266 0.063167
0 0.382117 0.624201 0.050766 0.077236
0 0.668086 0.521965 0.043828 0.044931
0 0.423809 0.421687 0.037070 0.034153
0 0.507133 0.464465 0.040359 0.037986
0 0.273965 0.839493 0.085648 0.135764
0 0.853082 0.942514 0.107055 0.108250
0 0.192227 0.473090 0.018203 0.031847
0 0.192227 0.439681 0.024672 0.030806
0 0.567918 0.447771 0.039648 0.028708
0 0.562492 0.489972 0.044969 0.038222
0 0.189488 0.396993 0.019336 0.021847
