0 0.485484 0.435028 0.037000 0.038111
0 0.366016 0.424792 0.040141 0.047306
0 0.246949 0.907264 0.098727 0.153556
0 0.877773 0.645674 0.082687 0.071264
0 0.673633 0.957931 0.113188 0.084139
0 0.420664 0.535660 0.055422 0.071458
0 0.495562 0.551896 0.046891 0.062792
0 0.596375 0.462861 0.033766 0.038639
0 0.442785 0.463125 0.035539 0.036028
0 0.236309 0.517389 0.034570 0.044472
0 0.266332 0.480597 0.038211 0.040444
0 0.229941 0.450271 0.039117 0.041236
0 0.264383 0.398590 0.022031 0.020875
0 0.243340 0.411646 0.026523 0.027153
0 0.209910 0.403167 0.018961 0.020222
0 0.177949 0.396014 0.018195 0.019417
0 0.976426 0.621931 0.047148 0.187250
0 0.313867 0.423826 0.029781 0.024042
0 0.576258 0.483083 0.050875 0.052889
0 0.409402 0.675194 0.059086 0.113833
0 0.284801 0.690958 0.060633 0.132806
0 0.340656 0.542938 0.051359 0.061986
0 0.850840 0.694007 0.089523 0.083181
0 0.521508 0.653722 0.071312 0.110250
0 0.267227 0.587076 0.047422 0.076542
0 0.700340 0.598917 0.066695 0.071306
0 0.715336 0.513646 0.055375 0.059792
0 0.456187 0.604014 0.051344 0.077194
0 0.774734 0.870417 0.118641 0.148306
0 0.310156 0.403069 0.026141 0.020750
