0 0.731781 0.794278 0.120484 0.179111
0 0.293238 0.778486 0.072430 0.150000
0 0.737738 0.492535 0.051555 0.051847
0 0.748547 0.577972 0.070609 0.064361
0 0.544289 0.733528 0.073797 0.110306
0 0.301063 0.596229 0.042797 0.074347
0 0.897281 0.460250 0.070922 0.064389
0 0.508844 0.566375 0.054641 0.063167
0 0.328020 0.541375 0.038570 0.062972
0 0.292254 0.506646 0.039008 0.062097
0 0.251699 0.551090 0.041086 0.049458
0 0.322051 0.417250 0.041477 0.034167
0 0.333816 0.486021 0.042555 0.046042
0 0.913605 0.598333 0.082945 0.060556
0 0.389484 0.633604 0.082203 0.192764
0 0.430590 0.509674 0.052367 0.063875
0 0.372285 0.476556 0.034992 0.039833
0 0.397297 0.418326 0.039062 0.033931
0 0.917898 0.548361 0.068234 0.056611
0 0.289754 0.440417 0.040914 0.039139
0 0.261066 0.481194 0.035320 0.040556
0 0.260945 0.452278 0.032578 0.031722
0 0.259875 0.409521 0.029953 0.032931
0 0.274469 0.397562 0.015484 0.021653
0 0.212773 0.404708 0.019500 0.022722
0 0.194961 0.390708 0.021437 0.024028
