0 0.248242 0.519722 0.046328 0.085556
0 0.834074 0.549944 0.081055 0.062694
0 0.972281 0.713604 0.055438 0.115236
0 0.518691 0.439653 0.047570 0.046139
0 0.429055 0.417632 0.032625 0.032847
0 0.255191 0.455396 0.032008 0.034986
0 0.242328 0.429028 0.038094 0.036250
0 0.364715 0.438722 0.035102 0.038222
0 0.324902 0.421764 0.030492 0.026917
0 0.285863 0.402840 0.026148 0.029319
0 0.384328 0.427653 0.019313 0.025750
0 0.175344 0.393931 0.021062 0.028389
0 0.199641 0.400576 0.017328 0.027181
0 0.216457 0.402694 0.015633 0.027778
0 0.440617 0.581764 0.052109 0.067083
0 0.342871 0.543014 0.040086 0.067778
0 0.722699 0.548438 0.064523 0.070153
0 0.595125 0.528715 0.048922 0.060597
0 0.839027 0.618604 0.091758 0.080875
0 0.499820 0.556868 0.065250 0.073042
0 0.532348 0.674667 0.070008 0.105194
0 0.491508 0.462472 0.038531 0.040222
0 0.626020 0.499549 0.052102 0.053181
0 0.447813 0.457743 0.046500 0.048264
0 0.351738 0.467806 0.045430 0.061444
0 0.288984 0.597049 0.075781 0.177153
