0 0.772852 0.652861 0.078312 0.090583
0 0.814422 0.519597 0.059906 0.057917
0 0.768801 0.568944 0.067367 0.067306
0 0.608117 0.889674 0.110719 0.182292
0 0.275813 0.707993 0.062688 0.101264
0 0.271941 0.832722 0.080508 0.161889
0 0.686523 0.742688 0.090188 0.116347
0 0.497332 0.481389 0.042758 0.038750
0 0.462691 0.949444 0.114289 0.095083
0 0.635223 0.557438 0.058961 0.051931
0 0.234875 0.411069 0.029469 0.034944
0 0.192617 0.400583 0.018875 0.026556
0 0.264172 0.411764 0.027516 0.033556
0 0.428133 0.437278 0.037297 0.038111
0 0.597438 0.470271 0.033422 0.050319
0 0.396996 0.450187 0.032883 0.039625
0 0.309590 0.472431 0.038211 0.046917
0 0.240051 0.529167 0.034711 0.055222
0 0.272629 0.486403 0.035320 0.045472
0 0.478723 0.612514 0.066852 0.110139
0 0.379676 0.617583 0.059508 0.091306
0 0.965617 0.721403 0.064375 0.092750
0 0.554328 0.467917 0.049781 0.061667
0 0.326355 0.416861 0.034852 0.035861
0 0.762918 0.409319 0.037430 0.050444
